%YAML:1.0
---
K: !!opencv-matrix
   rows: 3
   cols: 3
   dt: d
   data: [392.413342, 0, 317.985862, 0, 523.374307, 285.643448, 0, 0, 1]

D: !!opencv-matrix
    rows: 1
    cols: 5
    dt: d
    data: [-0.320021, 0.095541, -0.000691, 0.000255, 0]