mono pinhole calibration...
D = [0.09741933781514252, -0.13889883390729932, -0.000791595761578714, 0.004567010918891026, 0.0]
K = [591.9372552450582, 0.0, 318.0777037991289, 0.0, 590.3862525697616, 233.46822883304839, 0.0, 0.0, 1.0]
R = [1.0, 0.0, 0.0, 0.0, 1.0, 0.0, 0.0, 0.0, 1.0]
P = [601.3859252929688, 0.0, 320.06825863617996, 0.0, 0.0, 601.4717407226562, 232.61188982086787, 0.0, 0.0, 0.0, 1.0, 0.0]
None
# oST version 5.0 parameters


[image]

width
640

height
480

[narrow_stereo]

camera matrix
591.937255 0.000000 318.077704
0.000000 590.386253 233.468229
0.000000 0.000000 1.000000

distortion
0.097419 -0.138899 -0.000792 0.004567 0.000000

rectification
1.000000 0.000000 0.000000
0.000000 1.000000 0.000000
0.000000 0.000000 1.000000

projection
601.385925 0.000000 320.068259 0.000000
0.000000 601.471741 232.611890 0.000000
0.000000 0.000000 1.000000 0.000000